y,x1,x2
-1487789,-426331,-9258
-756706,-120291,-836415
-936701,25098,-961799
-230953,-629365,398412
-826374,67060,-893454
-680179,-365215,-314964
-995660,-969592,-26068
-550202,377307,-927509
757366,473308,284058
69096,161562,-92466
-1046260,-479349,-566911
881361,622286,259075
-729764,-570662,-159102
54747,537374,-482627
-576681,-990387,413706
1044683,742698,301985
1374951,904213,470738
-420376,74312,-494688
-1079600,-770173,-309427
-423288,-327024,-96264
46851,-389396,436247
292451,542868,-250417
508458,134281,374177
292199,112104,180095
-40487,71109,-111596
1001294,145351,855943
-216941,-573712,356771
263877,261284,2593
863099,-123407,986506
109620,-814627,924247
-561188,-286617,-274571
78917,262782,-183865
-473655,-319543,-154112
18675,911596,-892921
-504743,478063,-982806
-695629,-591923,-103706
-998485,-490568,-507917
473495,281050,192445
824551,-77734,902285
-25605,-862043,836438
-755864,62395,-818259
422734,204918,217816
-101453,-356934,255481
-115109,-280532,165423
-1308928,-572294,-736634
1240052,651600,588452
1767864,883274,884590
-186851,-252583,65732
284090,-477789,761879
384334,49165,335169
-261078,-208325,-52753
389390,601898,-212508
-642732,-450510,-192222
-479325,-39817,-439508
257849,461165,-203316
-1342908,-636836,-706072
-287018,-121265,-165753
1158010,207144,950866
-464090,-541835,77745
1118530,124984,993546
429916,-72236,502152
1940819,975118,965701
430933,646668,-215735
-679624,-365577,-314047
-291089,242510,-533599
-811092,-183909,-627183
94128,237421,-143293
-332991,-561943,228952
428206,-546353,974559
118777,-597088,715865
-895121,51369,-946490
1632655,856140,776515
177377,526500,-349123
-432626,-923967,491341
-619564,279521,-899085
1431165,816458,614707
-829990,-552563,-277427
-451096,-316987,-134109
-1527659,-656747,-870912
86333,-823130,909463
667910,437293,230617
-13940,-430098,416158
547351,-344204,891555
357498,379934,-22436
1068401,135890,932511
547152,892692,-345540
-69354,-4669,-64685
-411968,269571,-681539
963427,75789,887638
-1684908,-762647,-922261
1012616,535858,476758
-719220,-238659,-480561
-255639,543193,-798832
-1071373,-199184,-872189
-547393,-534153,-13240
23553,-52073,75626
859396,178086,681310
-1824518,-839057,-985461
-890884,-618166,-272718
11847,-855460,867307
1142013,829740,312273
-183954,-232055,48101
1289647,672768,616879
-1545695,-964341,-581354
-742897,-326678,-416219
-817431,-515202,-302229
-39029,273617,-312646
168889,-39166,208055
-239892,-936423,696531
971986,826084,145902
186325,-551346,737671
266887,328490,-61603
1184131,931370,252761
376623,-56957,433580
-1197435,-967528,-229907
454230,-223837,678067
194299,97479,96820
-379344,579448,-958792
83794,-142843,226637
-45300,614274,-659574
-422441,165359,-587800
-144654,676,-145330
709329,35294,674035
121561,978307,-856746
535407,188104,347303
886969,593606,293363
499744,-32074,531818
1492962,668751,824211
-324524,-687814,363290
374755,758538,-383783
-370922,-82970,-287952
-209354,-277558,68204
194970,-550843,745813
191195,207958,-16763
293897,-230421,524318
-795877,-245348,-550529
98187,-430156,528343
-421740,-163754,-257986
933528,469223,464305
-216234,-62397,-153837
172000,681088,-509088
207701,793133,-585432
-492432,-482975,-9457
480978,698332,-217354
1294037,758529,535508
1026632,407990,618642
-591457,-188939,-402518
930721,634148,296573
167834,799768,-631934
-412022,-665117,253095
1109398,955459,153939
766657,-37153,803810
-676028,298148,-974176
747043,668434,78609
-523298,156519,-679817
-428376,86414,-514790
-1518602,-567259,-951343
627885,-261771,889656
68884,-618109,686993
235757,991288,-755531
-829616,114258,-943874
-9260,643650,-652910
1013620,790640,222980
-369301,-184029,-185272
952364,8897,943467
-51659,598275,-649934
-90936,318409,-409345
582101,962405,-380304
-309633,33204,-342837
-871276,101584,-972860
-762572,-672502,-90070
-29096,417797,-446893
-646401,-71701,-574700
-94875,290521,-385396
128375,-671587,799962
-588296,-395914,-192382
144459,-673342,817801
-1017870,-654121,-363749
1030648,607370,423278
-710888,26950,-737838
-1483406,-877700,-605706
-1162317,-720638,-441679
-42356,-104281,61925
1655049,659387,995662
-1866367,-970197,-896170
115630,-585637,701267
-844701,-958554,113853
755437,-91471,846908
-911658,-971679,60021
-696346,-12010,-684336
167400,493734,-326334
111598,599913,-488315
-556940,-906390,349450
224276,-540707,764983
-446058,174318,-620376
-222419,-887661,665242
-816547,164812,-981359
-329950,-366145,36195
-1171529,-886178,-285351
219405,253426,-34021
944100,187507,756593
389163,-71197,460360
-1142794,-261760,-881034
-463701,440971,-904672
689726,227493,462233
1243943,781109,462834
457763,707933,-250170
-1070996,-464214,-606782
282122,-393126,675248
1874358,994044,880314
230380,151792,78588
-6488,300576,-307064
-344391,478508,-822899
-237173,-984196,747023
-893591,-691494,-202097
839287,490171,349116
-522066,-865703,343637
902270,700004,202266
683349,749902,-66553
-82145,71304,-153449
-396007,-388471,-7536
608389,535101,73288
-200235,-170736,-29499
924323,882755,41568
-121511,-44671,-76840
381056,563115,-182059
-900962,-789269,-111693
504973,864595,-359622
372985,642682,-269697
-124763,-790497,665734
-149577,187978,-337555
-539493,-335839,-203654
819536,783249,36287
903078,997952,-94874
-785232,-689225,-96007
915796,198497,717299
-1176311,-650164,-526147
445850,-495119,940969
1398123,995524,402599
-664070,-817078,153008
664653,730811,-66158
737457,205721,531736
-1330308,-400179,-930129
-1339221,-431697,-907524
577125,881703,-304578
1369526,992763,376763
233747,421369,-187622
-567708,-490650,-77058
-120114,819014,-939128
774465,488938,285527
-137045,-430741,293696
30688,766239,-735551
1019199,522780,496419
231416,118192,113224
-467004,324796,-791800
1045654,979943,65711
977757,546105,431652
-400285,-275977,-124308
359936,-1677,361613
-453885,-91570,-362315
183328,376527,-193199
1143635,346108,797527
565304,192246,373058
1246135,286387,959748
194027,399870,-205843
-1443050,-702798,-740252
226102,-267076,493178
-241195,298102,-539297
1173120,467849,705271
1091001,984656,106345
-486683,-738436,251753
-301263,-135462,-165801
94524,912694,-818170
233428,-502904,736332
1178496,765221,413275
-1089688,-395871,-693817
-365024,494266,-859290
-76929,592702,-669631
-504118,299509,-803627
-110179,-608545,498366
448752,-212246,660998
-971836,-939420,-32416
1130345,865439,264906
897095,739802,157293
-408753,-921706,512953
-804362,-362384,-441978
-692751,-795267,102516
-554476,-475168,-79308
859179,402436,456743
412527,228714,183813
1452912,560723,892189
418922,-216714,635636
-70173,-547809,477636
1674450,799580,874870
1558130,858657,699473
-512345,-450799,-61546
-608372,-944066,335694
-576629,355924,-932553
-285480,13124,-298604
1549033,677310,871723
1549408,813193,736215
1366117,658358,707759
171471,406606,-235135
-759140,109875,-869015
-1221875,-299712,-922163
567102,698250,-131148
1160664,793422,367242
40439,-760533,800972
-389783,-227490,-162293
319961,-1647,321608
1141218,228834,912384
696023,973128,-277105
23090,421639,-398549
1091602,141333,950269
534058,742064,-208006
-1604403,-633719,-970684
-283206,-364386,81180
81319,-548352,629671
-960757,-360914,-599843
-278936,450343,-729279
-300220,-767835,467615
-6115,-583723,577608
732361,-244219,976580
-705535,-755727,50192
268897,896324,-627427
-457172,-657227,200055
-713016,13050,-726066
78250,139819,-61569
3259,-178440,181699
830609,686275,144334
59176,230673,-171497
-427944,-577998,150054
-1085333,-921281,-164052
-821176,32056,-853232
-1481427,-884550,-596877
-429789,548700,-978489
-899953,26808,-926761
248922,-487719,736641
-1619958,-811657,-808301
296533,-687111,983644
1457185,521995,935190
-136376,-610588,474212
898993,126859,772134
-812968,-560311,-252657
-1105714,-158036,-947678
607950,947491,-339541
62413,-158924,221337
554246,479163,75083
-318387,-280231,-38156
733707,-70739,804446
-741478,-325742,-415736
489932,-500939,990871
-1198530,-389254,-809276
1434997,933706,501291
63509,385432,-321923
937859,873419,64440
-154056,-808683,654627
621365,33355,588010
1234647,937202,297445
506129,-350302,856431
-85774,461643,-547417
524579,960584,-436005
456949,9148,447801
937902,688016,249886
1160409,507464,652945
-728906,93403,-822309
1770880,943395,827485
-646472,-943953,297481
1107563,385024,722539
-910310,-125022,-785288
323612,-496471,820083
91709,255488,-163779
-1412244,-477118,-935126
-145227,-834020,688793
400491,694957,-294466
-802851,-461943,-340908
-283599,-281403,-2196
1387850,846992,540858
21140,304370,-283230
-988416,-281250,-707166
145665,416942,-271277
311058,999633,-688575
799745,688456,111289
1295443,719803,575640
1639018,931986,707032
154968,950278,-795310
176533,-606869,783402
-6013,494590,-500603
-377609,-277102,-100507
128195,221897,-93702
267836,-500964,768800
-56309,-343699,287390
1709510,932093,777417
-331629,-119810,-211819
-218405,143619,-362024
-753254,-749945,-3309
1299827,313811,986016
-468116,-717013,248897
-456825,-741468,284643
82148,711132,-628984
-1319110,-934578,-384532
-609780,-134973,-474807
-904895,-606970,-297925
694198,422955,271243
74047,-102203,176250
564316,-192005,756321
-628653,37667,-666320
-724381,-450861,-273520
-522289,-113715,-408574
-445437,-100610,-344827
903749,388210,515539
-117968,564982,-682950
93129,-638135,731264
-235726,718290,-954016
-841395,-650761,-190634
-1022402,-779963,-242439
-202931,405363,-608294
7353,-267339,274692
-155488,622667,-778155
-1090551,-300043,-790508
-536820,-741010,204190
348579,205979,142600
-259671,-956948,697277
-684993,-341407,-343586
1179788,401990,777798
-889380,-97786,-791594
1468522,573095,895427
-163602,-943944,780342
956251,829313,126938
230941,-655607,886548
1635400,813728,821672
-183519,419385,-602904
-1465526,-748059,-717467
1518137,854949,663188
-15002,-606621,591619
764119,887578,-123459
335966,403761,-67795
791271,-122420,913691
144377,650528,-506151
1213260,713585,499675
-634545,-106762,-527783
-841029,-746195,-94834
981556,558178,423378
-1554418,-683458,-870960
1224994,545036,679958
-769646,-53216,-716430
588010,815403,-227393
-329842,-59431,-270411
-740111,-253350,-486761
-313935,616732,-930667
-1221835,-438658,-783177
802290,354291,447999
58573,-66352,124925
-1856298,-908455,-947843
1634762,946409,688353
-211203,-428841,217638
-24465,440588,-465053
-750106,-811362,61256
337018,956249,-619231
-818679,-128612,-690067
-158650,-43565,-115085
94055,104063,-10008
-1095874,-418371,-677503
1036750,962702,74048
328909,221336,107573
391952,572988,-181036
-787168,-792932,5764
-1027897,-194623,-833274
1237331,608632,628699
-618074,-819745,201671
-953931,-943807,-10124
591186,103134,488052
1931212,958241,972971
197826,-395668,593494
641478,574521,66957
-901619,-713692,-187927
-208494,-304742,96248
-407442,-353866,-53576
848908,-113021,961929
-564332,-742839,178507
-950775,-146884,-803891
636520,222247,414273
-153467,454423,-607890
-1389980,-714933,-675047
1521446,856153,665293
-97648,395945,-493593
-632585,-985458,352873
1081867,358782,723085
-145184,-567870,422686
-456041,-408962,-47079
1220226,470258,749968
1361894,482346,879548
571247,443339,127908
-171489,401642,-573131
315112,-355331,670443
412114,-291418,703532
431587,404369,27218
93710,327346,-233636
1150940,774853,376087
-406948,-48066,-358882
-1649500,-676920,-972580
-805082,71457,-876539
905605,641872,263733
336915,41823,295092
-1202805,-322118,-880687
-1248262,-250312,-997950
-29116,-456190,427074
764188,641350,122838
-442732,-873486,430754
-618037,-77239,-540798
134118,-692368,826486
69075,675819,-606744
-871657,-877756,6099
590331,-351365,941696
190789,320409,-129620
205330,-729123,934453
-381471,-302798,-78673
422662,-67034,489696
-345943,16067,-362010
581994,-278426,860420
283790,458796,-175006
-190261,-984201,793940
218269,-52308,270577
-334659,-283186,-51473
65388,948416,-883028
-1811489,-859441,-952048
-287180,-607033,319853
-1473750,-553676,-920074
484723,288256,196467
-265912,-540466,274554
984452,439064,545388
164749,353155,-188406
921705,573026,348679
-346997,-697137,350140
363588,541521,-177933
12443,179824,-167381
253825,93524,160301
-385139,-390328,5189
-664174,-623090,-41084
537735,758382,-220647
262453,642310,-379857
1810508,852574,957934
451583,-221808,673391
-589315,-114148,-475167
478978,751918,-272940
56598,-345609,402207
-779994,-195944,-584050
1033059,685009,348050
-533675,-249882,-283793
344500,397855,-53355
-247128,177106,-424234
341269,-154771,496040
-200504,-821670,621166
1008557,875014,133543
-822365,-286021,-536344
-276301,141842,-418143
965101,54996,910105
-414353,-104724,-309629
1001113,127226,873887
1049596,924540,125056
-1004323,-120196,-884127
-204686,609677,-814363
703264,884719,-181455
710225,965220,-254995
1393581,550506,843075
-1180007,-566314,-613693
-321458,-37473,-283985
763918,722121,41797
-241773,-610513,368740
-240031,-912191,672160
770519,367510,403009
-1227495,-796993,-430502
530393,409331,121062
-642201,-251265,-390936
-1264866,-654288,-610578
499415,-144884,644299
528904,874497,-345593
323207,690230,-367023
259313,48962,210351
433284,346157,87127
-236078,-372094,136016
1635264,952543,682721
-857805,-926478,68673
-1054426,-988620,-65806
-314535,405405,-719940
84725,995971,-911246
-150605,-609198,458593
539497,575688,-36191
-1009124,-705555,-303569
-543711,-698739,155028
-436796,561727,-998523
1233822,758151,475671
259821,994954,-735133
-326581,-855051,528470
-371070,-83315,-287755
-1206561,-645330,-561231
-156144,-774751,618607
712216,705361,6855
82936,570873,-487937
783901,940563,-156662
452303,-272039,724342
-201425,-691363,489938
460882,646395,-185513
122272,843973,-721701
-791902,-629880,-162022
-572288,39357,-611645
713166,-129867,843033
-925490,-685277,-240213
880786,411566,469220
-613939,-88611,-525328
323757,-332981,656738
344751,265203,79548
67402,-640486,707888
-123984,-519238,395254
-1180511,-406799,-773712
-761279,-963402,202123
708874,853554,-144680
-270753,625274,-896027
-1820554,-855890,-964664
1815527,831697,983830
516342,-285083,801425
1006348,955196,51152
-1058640,-158119,-900521
-1425374,-628581,-796793
216467,451399,-234932
-587750,-379408,-208342
981537,12939,968598
155498,23754,131744
99055,-589141,688196
600163,434370,165793
18493,-581829,600322
-12373,60213,-72586
619847,463086,156761
-694011,-165251,-528760
9098,-925396,934494
335461,-634457,969918
-645330,303083,-948413
-301009,406073,-707082
574100,-80214,654314
-985169,-297817,-687352
-789945,-955289,165344
-801762,-471261,-330501
-361789,-158244,-203545
155741,70950,84791
-483953,493694,-977647
506568,95337,411231
-451832,-983849,532017
240346,890270,-649924
-156225,13176,-169401
-20318,515865,-536183
-427520,-700313,272793
60950,143524,-82574
-483659,376152,-859811
-488347,494517,-982864
-409106,-691918,282812
461181,-349702,810883
224419,160173,64246
-1274773,-898440,-376333
-1032352,-150752,-881600
310850,146088,164762
389543,879603,-490060
16815,682258,-665443
581538,-175383,756921
585146,-99822,684968
-801887,-344494,-457393
431290,771339,-340049
-709138,-400820,-308318
450981,-174895,625876
228211,-746749,974960
755067,78699,676368
721873,24466,697407
-640624,266640,-907264
296277,-399527,695804
602407,-251022,853429
-27615,466668,-494283
-829108,-294140,-534968
136329,-286538,422867
-953067,-352422,-600645
1299073,739890,559183
-118263,361262,-479525
-1042517,-805335,-237182
164009,-478046,642055
-468964,-199848,-269116
-191051,-19810,-171241
-1544202,-681397,-862805
412296,-515865,928161
-837276,-848213,10937
348743,786956,-438213
156150,-334661,490811
-517375,107818,-625193
392340,938531,-546191
-742140,-454027,-288113
-291200,-180729,-110471
-207758,-90899,-116859
-82542,591823,-674365
800531,864197,-63666
440411,950742,-510331
-345375,31780,-377155
89839,-160710,250549
1198620,930894,267726
92274,692271,-599997
-1051500,-232023,-819477
-690667,-74658,-616009
-1312213,-505423,-806790
536185,630606,-94421
122222,790248,-668026
468301,101407,366894
-707309,-60899,-646410
450806,-235957,686763
-360892,-506215,145323
-641593,-438508,-203085
-534602,-671912,137310
194888,702643,-507755
312320,-665108,977428
-886976,-241622,-645354
811601,57198,754403
-66585,-959903,893318
288449,747380,-458931
-156474,-573672,417198
-190166,687096,-877262
123889,-870409,994298
-54693,851479,-906172
-1384332,-892011,-492321
354632,988510,-633878
761365,544526,216839
-1458976,-658696,-800280
17712,170426,-152714
183335,-507128,690463
-772106,-267018,-505088
338944,864004,-525060
558456,260472,297984
-312299,-263260,-49039
-943401,-414799,-528602
1198519,528623,669896
17992,-804237,822229
-93170,-981442,888272
-165887,-702074,536187
-1055018,-158450,-896568
-1548520,-549720,-998800
366390,184390,182000
-195240,-776079,580839
273490,590505,-317015
-1148510,-152604,-995906
-356051,-579681,223630
595306,313150,282156
807400,652992,154408
755470,957557,-202087
-935395,-415815,-519580
609638,47928,561710
1685032,906853,778179
1042714,448607,594107
-1039473,-887964,-151509
1426485,812001,614484
-113857,-540334,426477
697026,345086,351940
-702578,219694,-922272
-1145043,-422095,-722948
-484945,66645,-551590
1326990,526497,800493
379400,-586596,965996
1189990,950352,239638
479548,-101032,580580
425691,-284918,710609
-1379795,-622955,-756840
-38329,-657070,618741
765210,-130737,895947
706394,930750,-224356
1707280,992766,714514
874145,863678,10467
359297,444976,-85679
-1371188,-693838,-677350
791480,-28836,820316
32662,-846729,879391
-904424,-846878,-57546
-507483,-752390,244907
1344277,965440,378837
210393,-768800,979193
871842,388783,483059
-872694,-886724,14030
1044954,867640,177314
433300,-556682,989982
-886106,-637513,-248593
-1316304,-679436,-636868
292914,-474616,767530
-880199,-100528,-779671
693364,879538,-186174
299710,822938,-523228
690389,540624,149765
-700093,-493068,-207025
244291,535140,-290849
67489,444652,-377163
1745240,786191,959049
-253287,-201302,-51985
-712872,-448451,-264421
1352581,967399,385182
1106969,892527,214442
667616,687257,-19641
397078,802083,-405005
1911538,977819,933719
364275,-301953,666228
-213115,-778840,565725
472481,489128,-16647
-1507795,-827473,-680322
-528675,-976944,448269
111459,932627,-821168
-117,466138,-466255
-13745,-276583,262838
773325,641801,131524
-1602092,-682779,-919313
766330,647994,118336
1088685,173998,914687
-223268,-770816,547548
487820,235440,252380
1141493,259096,882397
910770,319519,591251
-1491926,-817599,-674327
-427833,490900,-918733
-811118,140332,-951450
908956,991261,-82305
-833558,-226544,-607014
163402,754696,-591294
1409164,869227,539937
-407319,229140,-636459
-684878,-731841,46963
-282346,-27447,-254899
1112843,200856,911987
-395301,552783,-948084
705126,173261,531865
194009,997114,-803105
1875708,896140,979568
562351,712651,-150300
-436558,487146,-923704
505092,756360,-251268
817496,755156,62340
-790102,-826932,36830
-1086118,-173663,-912455
-1072793,-557572,-515221
-272759,-262425,-10334
-551751,128479,-680230
-1801700,-925509,-876191
131486,-769804,901290
-550309,285419,-835728
-236513,549765,-786278
-1228196,-496745,-731451
-1116446,-972837,-143609
-1200824,-827280,-373544
-757178,-892372,135194
740267,580770,159497
-469418,-545427,76009
639681,-320864,960545
-704877,-826794,121917
1473825,847092,626733
-405148,49842,-454990
242018,658615,-416597
851025,14346,836679
494381,745450,-251069
-658253,-423893,-234360
420697,208127,212570
-1015625,-250962,-764663
253298,340162,-86864
732125,302405,429720
-723430,-773671,50241
77816,3299,74517
307512,-562491,870003
-467114,-423219,-43895
894765,455325,439440
938952,355363,583589
-843170,-522008,-321162
1444801,733042,711759
-177830,-330862,153032
-394309,-852697,458388
-671696,-302357,-369339
1165475,714576,450899
-366985,-950902,583917
165925,172077,-6152
119428,-516130,635558
-991437,-773560,-217877
762840,956122,-193282
-823753,-473676,-350077
610055,581332,28723
386002,-316500,702502
-1135381,-515584,-619797
-734180,-622407,-111773
428962,732535,-303573
50631,790991,-740360
1888784,955279,933505
1513604,564046,949558
3932,-566327,570259
479307,936889,-457582
824194,-78319,902513
-1860684,-924175,-936509
936005,926029,9976
-723932,-670926,-53006
1580095,956867,623228
396333,358073,38260
849941,700267,149674
-154439,-28295,-126144
-106137,-426164,320027
-1046913,-909208,-137705
925272,518611,406661
-362565,554713,-917278
-478898,20611,-499509
-306049,-423649,117600
151429,575669,-424240
-417999,-291389,-126610
-416583,221654,-638237
1056541,961306,95235
362637,-28072,390709
211816,857311,-645495
491484,798368,-306884
248147,567311,-319164
947677,-46050,993727
-673974,-797006,123032
1497412,668149,829263
-32230,6273,-38503
-1089137,-226007,-863130
-289006,-116637,-172369
1592625,648161,944464
-975269,-634509,-340760
1084604,340297,744307
-462418,-289889,-172529
-296305,-508619,212314
557669,606334,-48665
366127,775126,-408999
-12606,-448012,435406
-818205,-216834,-601371
-1719421,-911205,-808216
-829655,-257986,-571669
764811,313656,451155
1094970,613547,481423
-635134,-893195,258061
-271243,-138169,-133074
-669114,-750006,80892
-1257541,-265320,-992221
-412733,-193046,-219687
807820,148155,659665
961337,191457,769880
1186259,250378,935881
-825860,-522983,-302877
-202441,-898624,696183
1461460,687499,773961
-397986,374164,-772150
1248377,376572,871805
-622741,-452947,-169794
466297,-205886,672183
1024632,733196,291436
1102293,562203,540090
-3257,396274,-399531
414694,339262,75432
465672,270084,195588
-880138,-149295,-730843
-1046535,-773074,-273461
1513167,686724,826443
767569,403720,363849
877196,206077,671119
224235,-249360,473595
-220942,-583849,362907
-1677277,-772571,-904706
-1252005,-296969,-955036
-217206,561859,-779065
330010,-651409,981419
-1265552,-289025,-976527
-963733,-283027,-680706
105582,668860,-563278
-703632,-857957,154325
-287399,430769,-718168
-880168,-199921,-680247
747184,356963,390221
800243,-197713,997956
-137589,-466977,329388
-1338793,-519375,-819418
-217270,564348,-781618
-1558220,-568101,-990119
-485104,-497163,12059
-1855274,-926239,-929035
-938678,-667373,-271305
-1333892,-990125,-343767
-983944,-62924,-921020
-288633,-529062,240429
866360,164457,701903
-239156,335478,-574634
-1184264,-913543,-270721
-565584,422300,-987884
-1124762,-776625,-348137
1264867,669571,595296
747138,161528,585610
-27207,-22880,-4327
-961464,-702989,-258475
-188468,107061,-295529
-389264,-682025,292761
-948569,-971224,22655
-703367,231742,-935109
179663,-49315,228978
-446772,316475,-763247
338635,-429956,768591
501555,993417,-491862
-304102,654245,-958347
-1594453,-718469,-875984
283236,-641755,924991
204058,939228,-735170
764280,-73665,837945
-1039680,-406356,-633324
78590,510000,-431410
1120660,351829,768831
-1833743,-896788,-936955
210347,-234929,445276
-475337,-955286,479949
-1671634,-801147,-870487
69360,-113660,183020
10856,14784,-3928
1509782,860906,648876
-1571724,-779376,-792348
202514,63914,138600
-283606,-486471,202865
1649765,799032,850733
227027,-286567,513594
-582163,162079,-744242
-1161726,-295557,-866169
719638,942596,-222958
-73217,240490,-313707
-173494,-244562,71068
1010838,279884,730954
1682313,932037,750276
-216012,575485,-791497
805829,723065,82764
-1304233,-656114,-648119
1018988,193132,825856
-947,-814107,813160
938957,604153,334804
-48073,-626616,578543
-608347,-502515,-105832
-1116331,-187151,-929180
-523785,-785899,262114
35712,-786346,822058
-1042200,-980745,-61455
521195,503591,17604
951465,51758,899707
-392865,-809859,416994
720535,691241,29294
342276,-440194,782470
-532130,-403728,-128402
-869465,73008,-942473
-1282369,-637447,-644922
-690485,-921466,230981
371914,998363,-626449
-219060,149748,-368808
-1104450,-775329,-329121
-1741731,-891068,-850663
308319,728503,-420184
612243,550641,61602
361135,6466,354669
-943810,-733313,-210497
-448872,519676,-968548
25420,886341,-860921
-1276086,-541381,-734705
-71028,189378,-260406
-699328,81315,-780643
1110682,992913,117769
-1099544,-824075,-275469
21858,-954806,976664
80642,389062,-308420
-1743618,-782304,-961314
-1126560,-660540,-466020
-573064,-893280,320216
1318901,712611,606290
1092486,889292,203194
-474099,289839,-763938
-979587,-772839,-206748
964011,443791,520220
-286782,131815,-418597
536072,734337,-198265
768185,-79920,848105
1823462,916769,906693
-47904,481246,-529150
-202730,741925,-944655
-136747,-558602,421855
976013,37118,938895
337058,469977,-132919
-340388,-213043,-127345
-291786,-996066,704280
167025,-610707,777732
379117,448133,-69016
1572078,931234,640844
639714,-261589,901303
818485,287073,531412
-315908,-10195,-305713
251440,970057,-718617
-448579,205007,-653586
-644538,-898317,253779
-6763,326063,-332826
-1418732,-825237,-593495
-389882,346276,-736158
488220,31416,456804
1210130,407817,802313
-257413,5962,-263375
-327990,-237560,-90430
315670,-277424,593094
1719052,939149,779903
-1143977,-224045,-919932
-1600359,-664720,-935639
-893533,-428526,-465007
-4370,87993,-92363
-155746,700457,-856203
-421349,5314,-426663
-400605,-741568,340963
-808951,-398284,-410667
-301353,-238171,-63182
627418,13694,613724
-178916,-371739,192823
-255956,201063,-457019
797035,253979,543056
-72835,809612,-882447
-374897,-800017,425120
1023072,119659,903413
1146253,424419,721834
210560,-166431,376991
-505473,463911,-969384
-481546,-865857,384311
67676,-650883,718559
-1521846,-997943,-523903
236920,199654,37266
93711,-285220,378931
-849401,-616682,-232719
562108,726325,-164217
-70851,-644592,573741
-283126,-775338,492212
1521898,652832,869066
-241219,15246,-256465
685625,-43220,728845
-1474136,-835519,-638617
-498258,271234,-769492
-1127050,-400443,-726607
-25208,879862,-905070
977351,534242,443109
-487173,215069,-702242
-779825,-474786,-305039
105903,615729,-509826
349080,979746,-630666
-545429,-787011,241582
-68631,-234838,166207
640236,595643,44593
542876,541072,1804
844137,126334,717803
-568519,128300,-696819
1492528,666302,826226
1614928,709047,905881
-784964,-846491,61527
-1662796,-916029,-746767
-49615,854055,-903670
1517778,861198,656580
-315990,515708,-831698
195725,376406,-180681
233872,-732194,966066
568795,37531,531264
-112954,-738314,625360
111146,45222,65924
553095,-87992,641087
-1393234,-804207,-589027
883939,501401,382538
-7157,-972440,965283
1222627,383954,838673
-651492,-913271,261779
656297,358353,297944
-677894,-272081,-405813
-43107,-919412,876305
282508,703758,-421250
-734934,-659368,-75566
-861077,69577,-930654
1548771,904457,644314
-227846,684341,-912187
107432,-499339,606771
528691,-112085,640776
985126,391183,593943
-275274,-437812,162538
471509,448573,22936
-1036298,-833517,-202781
472522,-392705,865227
860650,380183,480467
138358,576155,-437797
-481283,-3529,-477754
110875,770391,-659516
-243058,-966192,723134
-885769,-899117,13348
-529809,-929907,400098
-284517,294130,-578647
433783,725838,-292055
1449010,638567,810443
1722017,755986,966031
238913,563063,-324150
443330,872557,-429227
537545,-149074,686619
228916,322998,-94082
674949,362489,312460
158308,405186,-246878
-127232,703193,-830425
727020,-87805,814825
-322867,593645,-916512
-9669,652560,-662229
280425,362029,-81604
847615,996216,-148601
-359963,-496950,136987
689105,555291,133814
-326646,-613332,286686
1529300,605539,923761
-815584,-843324,27740
-754089,178449,-932538
1049765,870737,179028
-774449,-789541,15092
-947759,-561069,-386690
-942367,-531770,-410597
-1034597,-151775,-882822
-596184,-715506,119322
-16148,-777487,761339
-922894,-1552,-921342
143455,268177,-124722
-1229488,-239487,-990001
-906161,-492329,-413832
1455200,685075,770125
471942,362934,109008
-893403,-322193,-571210
984499,491407,493092
-1244886,-354033,-890853
-328710,-142524,-186186
1152110,810680,341430
483094,861508,-378414
-131774,775387,-907161
899569,275704,623865
-29941,-960973,931032
1345744,724034,621710
310938,117854,193084
-42314,-110112,67798
-148334,390407,-538741
598940,-330000,928940
-549024,232934,-781958
-802908,-459963,-342945
17989,38817,-20828
515486,541742,-26256
-219507,434298,-653805
-969872,-80850,-889022
128889,971610,-842721
738598,751025,-12427
447778,616227,-168449
-178203,499352,-677555
1215222,794571,420651
175492,188976,-13484
1164494,809544,354950
1639239,870907,768332
-216117,-559950,343833
-533766,-178430,-355336
-1464620,-741688,-722932
-1026548,-204018,-822530
-336096,207909,-544005
-930356,-139412,-790944
782522,626754,155768
1688064,987803,700261
-554973,-160654,-394319
-362930,-734190,371260
-784179,-48032,-736147
184823,-150686,335509
-1668605,-729465,-939140
746745,395141,351604
-123002,5729,-128731
-724432,-398792,-325640
-4035,-287066,283031
353582,879272,-525690
-233603,378344,-611947
-139682,573853,-713535
759841,-215911,975752
-680800,-914152,233352
801660,579579,222081
-1289566,-563213,-726353
1561,-817060,818621
1095904,645900,450004
515029,19442,495587
527742,-150049,677791
-656424,-947678,291254
72244,529232,-456988
861161,565451,295710
-46621,-306154,259533
-782514,-572748,-209766
113047,-69383,182430
-79739,-396590,316851
-181114,102919,-284033
224693,-399877,624570
1388580,413694,974886
-77240,-496813,419573
-350347,293332,-643679
1058098,471246,586852
197476,665027,-467551
-530858,-213055,-317803
-1245975,-346651,-899324
390983,494082,-103099
-1679035,-897350,-781685
484567,725457,-240890